{
 "cells": [
  {
   "cell_type": "code",
   "execution_count": 14,
   "id": "66eddb08-f5af-4bf0-912e-ddc45a5e1a76",
   "metadata": {},
   "outputs": [
    {
     "data": {
      "text/html": [
       "<div>\n",
       "<style scoped>\n",
       "    .dataframe tbody tr th:only-of-type {\n",
       "        vertical-align: middle;\n",
       "    }\n",
       "\n",
       "    .dataframe tbody tr th {\n",
       "        vertical-align: top;\n",
       "    }\n",
       "\n",
       "    .dataframe thead th {\n",
       "        text-align: right;\n",
       "    }\n",
       "</style>\n",
       "<table border=\"1\" class=\"dataframe\">\n",
       "  <thead>\n",
       "    <tr style=\"text-align: right;\">\n",
       "      <th></th>\n",
       "      <th>Customer Name</th>\n",
       "      <th>Phone Number</th>\n",
       "      <th>Talked</th>\n",
       "      <th>Internet</th>\n",
       "      <th>Start Subscription</th>\n",
       "      <th>First_Name</th>\n",
       "    </tr>\n",
       "  </thead>\n",
       "  <tbody>\n",
       "    <tr>\n",
       "      <th>0</th>\n",
       "      <td>Cynthia Wong MD</td>\n",
       "      <td>050-5380527</td>\n",
       "      <td>231</td>\n",
       "      <td>944</td>\n",
       "      <td>14/09/2022</td>\n",
       "      <td>Cynthia</td>\n",
       "    </tr>\n",
       "    <tr>\n",
       "      <th>1</th>\n",
       "      <td>Chad Reed</td>\n",
       "      <td>053-5250617</td>\n",
       "      <td>166</td>\n",
       "      <td>217</td>\n",
       "      <td>28/11/2022</td>\n",
       "      <td>Chad</td>\n",
       "    </tr>\n",
       "    <tr>\n",
       "      <th>2</th>\n",
       "      <td>James Murphy</td>\n",
       "      <td>051-7292166</td>\n",
       "      <td>483</td>\n",
       "      <td>437</td>\n",
       "      <td>06/04/2021</td>\n",
       "      <td>James</td>\n",
       "    </tr>\n",
       "    <tr>\n",
       "      <th>3</th>\n",
       "      <td>John Dean</td>\n",
       "      <td>054-2952436</td>\n",
       "      <td>435</td>\n",
       "      <td>817</td>\n",
       "      <td>06/01/2021</td>\n",
       "      <td>John</td>\n",
       "    </tr>\n",
       "    <tr>\n",
       "      <th>4</th>\n",
       "      <td>Nancy Bright</td>\n",
       "      <td>052-8402824</td>\n",
       "      <td>208</td>\n",
       "      <td>770</td>\n",
       "      <td>10/10/2022</td>\n",
       "      <td>Nancy</td>\n",
       "    </tr>\n",
       "    <tr>\n",
       "      <th>5</th>\n",
       "      <td>Melinda Ruiz</td>\n",
       "      <td>051-3102790</td>\n",
       "      <td>434</td>\n",
       "      <td>903</td>\n",
       "      <td>23/02/2022</td>\n",
       "      <td>Melinda</td>\n",
       "    </tr>\n",
       "    <tr>\n",
       "      <th>6</th>\n",
       "      <td>Kristin Huber</td>\n",
       "      <td>054-8068151</td>\n",
       "      <td>499</td>\n",
       "      <td>592</td>\n",
       "      <td>18/01/2023</td>\n",
       "      <td>Kristin</td>\n",
       "    </tr>\n",
       "    <tr>\n",
       "      <th>7</th>\n",
       "      <td>Jesus Burke</td>\n",
       "      <td>052-8352627</td>\n",
       "      <td>48</td>\n",
       "      <td>467</td>\n",
       "      <td>19/10/2020</td>\n",
       "      <td>Jesus</td>\n",
       "    </tr>\n",
       "    <tr>\n",
       "      <th>8</th>\n",
       "      <td>Joanna Buchanan</td>\n",
       "      <td>051-3167949</td>\n",
       "      <td>342</td>\n",
       "      <td>919</td>\n",
       "      <td>17/12/2023</td>\n",
       "      <td>Joanna</td>\n",
       "    </tr>\n",
       "    <tr>\n",
       "      <th>9</th>\n",
       "      <td>Christian Lewis</td>\n",
       "      <td>052-3069795</td>\n",
       "      <td>277</td>\n",
       "      <td>740</td>\n",
       "      <td>11/04/2023</td>\n",
       "      <td>Christian</td>\n",
       "    </tr>\n",
       "    <tr>\n",
       "      <th>10</th>\n",
       "      <td>Amanda Meyer</td>\n",
       "      <td>050-8200916</td>\n",
       "      <td>355</td>\n",
       "      <td>390</td>\n",
       "      <td>03/02/2023</td>\n",
       "      <td>Amanda</td>\n",
       "    </tr>\n",
       "    <tr>\n",
       "      <th>11</th>\n",
       "      <td>Aaron Melendez</td>\n",
       "      <td>050-8270179</td>\n",
       "      <td>553</td>\n",
       "      <td>871</td>\n",
       "      <td>29/01/2023</td>\n",
       "      <td>Aaron</td>\n",
       "    </tr>\n",
       "    <tr>\n",
       "      <th>12</th>\n",
       "      <td>Sierra Morgan</td>\n",
       "      <td>054-6460585</td>\n",
       "      <td>590</td>\n",
       "      <td>614</td>\n",
       "      <td>17/04/2023</td>\n",
       "      <td>Sierra</td>\n",
       "    </tr>\n",
       "    <tr>\n",
       "      <th>13</th>\n",
       "      <td>Timothy Frost</td>\n",
       "      <td>050-5915117</td>\n",
       "      <td>324</td>\n",
       "      <td>429</td>\n",
       "      <td>28/02/2020</td>\n",
       "      <td>Timothy</td>\n",
       "    </tr>\n",
       "    <tr>\n",
       "      <th>14</th>\n",
       "      <td>Keith Lee</td>\n",
       "      <td>052-7653726</td>\n",
       "      <td>256</td>\n",
       "      <td>795</td>\n",
       "      <td>28/10/2022</td>\n",
       "      <td>Keith</td>\n",
       "    </tr>\n",
       "    <tr>\n",
       "      <th>15</th>\n",
       "      <td>Evelyn Elliott</td>\n",
       "      <td>051-6233404</td>\n",
       "      <td>369</td>\n",
       "      <td>705</td>\n",
       "      <td>17/10/2022</td>\n",
       "      <td>Evelyn</td>\n",
       "    </tr>\n",
       "    <tr>\n",
       "      <th>16</th>\n",
       "      <td>Chad Carter</td>\n",
       "      <td>053-9294578</td>\n",
       "      <td>25</td>\n",
       "      <td>350</td>\n",
       "      <td>06/10/2020</td>\n",
       "      <td>Chad</td>\n",
       "    </tr>\n",
       "    <tr>\n",
       "      <th>17</th>\n",
       "      <td>Matthew Mills</td>\n",
       "      <td>052-7974129</td>\n",
       "      <td>670</td>\n",
       "      <td>571</td>\n",
       "      <td>08/07/2022</td>\n",
       "      <td>Matthew</td>\n",
       "    </tr>\n",
       "    <tr>\n",
       "      <th>18</th>\n",
       "      <td>Jeffrey Hicks</td>\n",
       "      <td>050-8469039</td>\n",
       "      <td>250</td>\n",
       "      <td>99</td>\n",
       "      <td>07/05/2022</td>\n",
       "      <td>Jeffrey</td>\n",
       "    </tr>\n",
       "    <tr>\n",
       "      <th>19</th>\n",
       "      <td>Janice Palmer</td>\n",
       "      <td>051-8678768</td>\n",
       "      <td>472</td>\n",
       "      <td>105</td>\n",
       "      <td>04/10/2021</td>\n",
       "      <td>Janice</td>\n",
       "    </tr>\n",
       "    <tr>\n",
       "      <th>20</th>\n",
       "      <td>Diana Scott</td>\n",
       "      <td>051-8932363</td>\n",
       "      <td>134</td>\n",
       "      <td>519</td>\n",
       "      <td>26/04/2021</td>\n",
       "      <td>Diana</td>\n",
       "    </tr>\n",
       "    <tr>\n",
       "      <th>21</th>\n",
       "      <td>Lacey Henry</td>\n",
       "      <td>051-7222641</td>\n",
       "      <td>58</td>\n",
       "      <td>104</td>\n",
       "      <td>20/06/2023</td>\n",
       "      <td>Lacey</td>\n",
       "    </tr>\n",
       "    <tr>\n",
       "      <th>22</th>\n",
       "      <td>Angela Waters</td>\n",
       "      <td>054-5779698</td>\n",
       "      <td>553</td>\n",
       "      <td>201</td>\n",
       "      <td>19/10/2020</td>\n",
       "      <td>Angela</td>\n",
       "    </tr>\n",
       "    <tr>\n",
       "      <th>23</th>\n",
       "      <td>Lisa Alvarado</td>\n",
       "      <td>052-1692691</td>\n",
       "      <td>162</td>\n",
       "      <td>389</td>\n",
       "      <td>28/07/2021</td>\n",
       "      <td>Lisa</td>\n",
       "    </tr>\n",
       "    <tr>\n",
       "      <th>24</th>\n",
       "      <td>Jessica Pittman</td>\n",
       "      <td>053-9160566</td>\n",
       "      <td>170</td>\n",
       "      <td>899</td>\n",
       "      <td>23/03/2023</td>\n",
       "      <td>Jessica</td>\n",
       "    </tr>\n",
       "    <tr>\n",
       "      <th>25</th>\n",
       "      <td>Ryan Aguirre</td>\n",
       "      <td>050-4964995</td>\n",
       "      <td>520</td>\n",
       "      <td>372</td>\n",
       "      <td>07/11/2023</td>\n",
       "      <td>Ryan</td>\n",
       "    </tr>\n",
       "    <tr>\n",
       "      <th>26</th>\n",
       "      <td>Alison Moore</td>\n",
       "      <td>050-6467180</td>\n",
       "      <td>105</td>\n",
       "      <td>579</td>\n",
       "      <td>29/11/2020</td>\n",
       "      <td>Alison</td>\n",
       "    </tr>\n",
       "    <tr>\n",
       "      <th>27</th>\n",
       "      <td>Sarah Martin</td>\n",
       "      <td>051-6973566</td>\n",
       "      <td>24</td>\n",
       "      <td>91</td>\n",
       "      <td>12/04/2023</td>\n",
       "      <td>Sarah</td>\n",
       "    </tr>\n",
       "    <tr>\n",
       "      <th>28</th>\n",
       "      <td>Gregory Stevens</td>\n",
       "      <td>052-7378700</td>\n",
       "      <td>30</td>\n",
       "      <td>858</td>\n",
       "      <td>09/08/2022</td>\n",
       "      <td>Gregory</td>\n",
       "    </tr>\n",
       "    <tr>\n",
       "      <th>29</th>\n",
       "      <td>Jennifer Zavala</td>\n",
       "      <td>053-8258482</td>\n",
       "      <td>591</td>\n",
       "      <td>202</td>\n",
       "      <td>29/06/2020</td>\n",
       "      <td>Jennifer</td>\n",
       "    </tr>\n",
       "    <tr>\n",
       "      <th>30</th>\n",
       "      <td>Ryan Aguirre</td>\n",
       "      <td>050-4964995</td>\n",
       "      <td>520</td>\n",
       "      <td>372</td>\n",
       "      <td>07/11/2023</td>\n",
       "      <td>Ryan</td>\n",
       "    </tr>\n",
       "    <tr>\n",
       "      <th>31</th>\n",
       "      <td>John Dean</td>\n",
       "      <td>054-2952436</td>\n",
       "      <td>435</td>\n",
       "      <td>817</td>\n",
       "      <td>06/01/2021</td>\n",
       "      <td>John</td>\n",
       "    </tr>\n",
       "    <tr>\n",
       "      <th>32</th>\n",
       "      <td>Evelyn Elliott</td>\n",
       "      <td>051-6233404</td>\n",
       "      <td>369</td>\n",
       "      <td>705</td>\n",
       "      <td>17/10/2022</td>\n",
       "      <td>Evelyn</td>\n",
       "    </tr>\n",
       "    <tr>\n",
       "      <th>33</th>\n",
       "      <td>Alison Moore</td>\n",
       "      <td>050-6467180</td>\n",
       "      <td>105</td>\n",
       "      <td>579</td>\n",
       "      <td>29/11/2020</td>\n",
       "      <td>Alison</td>\n",
       "    </tr>\n",
       "    <tr>\n",
       "      <th>34</th>\n",
       "      <td>Jessica Pittman</td>\n",
       "      <td>053-9160566</td>\n",
       "      <td>170</td>\n",
       "      <td>899</td>\n",
       "      <td>23/03/2023</td>\n",
       "      <td>Jessica</td>\n",
       "    </tr>\n",
       "  </tbody>\n",
       "</table>\n",
       "</div>"
      ],
      "text/plain": [
       "      Customer Name Phone Number  Talked  Internet Start Subscription  \\\n",
       "0   Cynthia Wong MD  050-5380527     231       944         14/09/2022   \n",
       "1         Chad Reed  053-5250617     166       217         28/11/2022   \n",
       "2      James Murphy  051-7292166     483       437         06/04/2021   \n",
       "3         John Dean  054-2952436     435       817         06/01/2021   \n",
       "4      Nancy Bright  052-8402824     208       770         10/10/2022   \n",
       "5      Melinda Ruiz  051-3102790     434       903         23/02/2022   \n",
       "6     Kristin Huber  054-8068151     499       592         18/01/2023   \n",
       "7       Jesus Burke  052-8352627      48       467         19/10/2020   \n",
       "8   Joanna Buchanan  051-3167949     342       919         17/12/2023   \n",
       "9   Christian Lewis  052-3069795     277       740         11/04/2023   \n",
       "10     Amanda Meyer  050-8200916     355       390         03/02/2023   \n",
       "11   Aaron Melendez  050-8270179     553       871         29/01/2023   \n",
       "12    Sierra Morgan  054-6460585     590       614         17/04/2023   \n",
       "13    Timothy Frost  050-5915117     324       429         28/02/2020   \n",
       "14        Keith Lee  052-7653726     256       795         28/10/2022   \n",
       "15   Evelyn Elliott  051-6233404     369       705         17/10/2022   \n",
       "16      Chad Carter  053-9294578      25       350         06/10/2020   \n",
       "17    Matthew Mills  052-7974129     670       571         08/07/2022   \n",
       "18    Jeffrey Hicks  050-8469039     250        99         07/05/2022   \n",
       "19    Janice Palmer  051-8678768     472       105         04/10/2021   \n",
       "20      Diana Scott  051-8932363     134       519         26/04/2021   \n",
       "21      Lacey Henry  051-7222641      58       104         20/06/2023   \n",
       "22    Angela Waters  054-5779698     553       201         19/10/2020   \n",
       "23    Lisa Alvarado  052-1692691     162       389         28/07/2021   \n",
       "24  Jessica Pittman  053-9160566     170       899         23/03/2023   \n",
       "25     Ryan Aguirre  050-4964995     520       372         07/11/2023   \n",
       "26     Alison Moore  050-6467180     105       579         29/11/2020   \n",
       "27     Sarah Martin  051-6973566      24        91         12/04/2023   \n",
       "28  Gregory Stevens  052-7378700      30       858         09/08/2022   \n",
       "29  Jennifer Zavala  053-8258482     591       202         29/06/2020   \n",
       "30     Ryan Aguirre  050-4964995     520       372         07/11/2023   \n",
       "31        John Dean  054-2952436     435       817         06/01/2021   \n",
       "32   Evelyn Elliott  051-6233404     369       705         17/10/2022   \n",
       "33     Alison Moore  050-6467180     105       579         29/11/2020   \n",
       "34  Jessica Pittman  053-9160566     170       899         23/03/2023   \n",
       "\n",
       "   First_Name  \n",
       "0     Cynthia  \n",
       "1        Chad  \n",
       "2       James  \n",
       "3        John  \n",
       "4       Nancy  \n",
       "5     Melinda  \n",
       "6     Kristin  \n",
       "7       Jesus  \n",
       "8      Joanna  \n",
       "9   Christian  \n",
       "10     Amanda  \n",
       "11      Aaron  \n",
       "12     Sierra  \n",
       "13    Timothy  \n",
       "14      Keith  \n",
       "15     Evelyn  \n",
       "16       Chad  \n",
       "17    Matthew  \n",
       "18    Jeffrey  \n",
       "19     Janice  \n",
       "20      Diana  \n",
       "21      Lacey  \n",
       "22     Angela  \n",
       "23       Lisa  \n",
       "24    Jessica  \n",
       "25       Ryan  \n",
       "26     Alison  \n",
       "27      Sarah  \n",
       "28    Gregory  \n",
       "29   Jennifer  \n",
       "30       Ryan  \n",
       "31       John  \n",
       "32     Evelyn  \n",
       "33     Alison  \n",
       "34    Jessica  "
      ]
     },
     "metadata": {},
     "output_type": "display_data"
    }
   ],
   "source": [
    "import numpy as np\n",
    "import pandas as pd\n",
    "from IPython.display import display\n",
    "\n",
    "# 1\n",
    "df = pd.read_csv(\"https://raw.githubusercontent.com/pythonai250824/23.03.2025/main/mobile.csv\")\n",
    "\n",
    "df[\"First_Name\"] = df[\"Customer Name\"].apply(lambda x: str(x).split()[0])\n",
    "\n",
    "display(df)"
   ]
  },
  {
   "cell_type": "code",
   "execution_count": 18,
   "id": "a34e4025-606b-40a7-ab4f-04d5924be8ea",
   "metadata": {},
   "outputs": [
    {
     "name": "stdout",
     "output_type": "stream",
     "text": [
      "   Phone Number Phone Carrier\n",
      "0   050-5380527     Pelephone\n",
      "1   053-5250617      Motorola\n",
      "2   051-7292166         Golan\n",
      "3   054-2952436           054\n",
      "4   052-8402824       Cellcom\n",
      "5   051-3102790         Golan\n",
      "6   054-8068151           054\n",
      "7   052-8352627       Cellcom\n",
      "8   051-3167949         Golan\n",
      "9   052-3069795       Cellcom\n",
      "10  050-8200916     Pelephone\n",
      "11  050-8270179     Pelephone\n",
      "12  054-6460585           054\n",
      "13  050-5915117     Pelephone\n",
      "14  052-7653726       Cellcom\n",
      "15  051-6233404         Golan\n",
      "16  053-9294578      Motorola\n",
      "17  052-7974129       Cellcom\n",
      "18  050-8469039     Pelephone\n",
      "19  051-8678768         Golan\n",
      "20  051-8932363         Golan\n",
      "21  051-7222641         Golan\n",
      "22  054-5779698           054\n",
      "23  052-1692691       Cellcom\n",
      "24  053-9160566      Motorola\n",
      "25  050-4964995     Pelephone\n",
      "26  050-6467180     Pelephone\n",
      "27  051-6973566         Golan\n",
      "28  052-7378700       Cellcom\n",
      "29  053-8258482      Motorola\n",
      "30  050-4964995     Pelephone\n",
      "31  054-2952436           054\n",
      "32  051-6233404         Golan\n",
      "33  050-6467180     Pelephone\n",
      "34  053-9160566      Motorola\n"
     ]
    }
   ],
   "source": [
    "# 2\n",
    "carrier_mapping = {\n",
    "    \"050\": \"Pelephone\",\n",
    "    \"051\": \"Golan\",\n",
    "    \"052\": \"Cellcom\",\n",
    "    \"053\": \"Motorola\"}\n",
    "\n",
    "df[\"Phone Carrier\"] = df[\"Phone Number\"].astype(str).str[:3].replace(carrier_mapping)\n",
    "\n",
    "print(df[[\"Phone Number\", \"Phone Carrier\"]])"
   ]
  },
  {
   "cell_type": "code",
   "execution_count": 26,
   "id": "8452dce2-359d-4a2a-843a-d28ce9a3e89f",
   "metadata": {},
   "outputs": [
    {
     "name": "stdout",
     "output_type": "stream",
     "text": [
      "Costumers per carrier:\n",
      " Phone Carrier\n",
      "Pelephone    9\n",
      "Golan        9\n",
      "Cellcom      7\n",
      "Motorola     5\n",
      "054          5\n",
      "Name: count, dtype: int64\n",
      "\n",
      "Unique carriers:\n",
      " ['Pelephone' 'Motorola' 'Golan' '054' 'Cellcom']\n",
      "\n",
      "Number of unique carriers: 5\n"
     ]
    }
   ],
   "source": [
    "# 3\n",
    "print(\"Costumers per carrier:\\n\", df[\"Phone Carrier\"].value_counts())\n",
    "\n",
    "print(\"\\nUnique carriers:\\n\", df[\"Phone Carrier\"].unique())\n",
    "\n",
    "print(\"\\nNumber of unique carriers:\", df[\"Phone Carrier\"].nunique())"
   ]
  },
  {
   "cell_type": "code",
   "execution_count": 84,
   "id": "aca01966-e88c-4d17-be5d-13172571799e",
   "metadata": {},
   "outputs": [
    {
     "name": "stdout",
     "output_type": "stream",
     "text": [
      "      Customer Name  Talked  Internet Type Of Customer\n",
      "0   Cynthia Wong MD     231       944           surfer\n",
      "1         Chad Reed     166       217           surfer\n",
      "2      James Murphy     483       437           talker\n",
      "3         John Dean     435       817           surfer\n",
      "4      Nancy Bright     208       770           surfer\n",
      "5      Melinda Ruiz     434       903           surfer\n",
      "6     Kristin Huber     499       592           surfer\n",
      "7       Jesus Burke      48       467           surfer\n",
      "8   Joanna Buchanan     342       919           surfer\n",
      "9   Christian Lewis     277       740           surfer\n",
      "10     Amanda Meyer     355       390           surfer\n",
      "11   Aaron Melendez     553       871           surfer\n",
      "12    Sierra Morgan     590       614           surfer\n",
      "13    Timothy Frost     324       429           surfer\n",
      "14        Keith Lee     256       795           surfer\n",
      "15   Evelyn Elliott     369       705           surfer\n",
      "16      Chad Carter      25       350           surfer\n",
      "17    Matthew Mills     670       571           talker\n",
      "18    Jeffrey Hicks     250        99           talker\n",
      "19    Janice Palmer     472       105           talker\n",
      "20      Diana Scott     134       519           surfer\n",
      "21      Lacey Henry      58       104           surfer\n",
      "22    Angela Waters     553       201           talker\n",
      "23    Lisa Alvarado     162       389           surfer\n",
      "24  Jessica Pittman     170       899           surfer\n",
      "25     Ryan Aguirre     520       372           talker\n",
      "26     Alison Moore     105       579           surfer\n",
      "27     Sarah Martin      24        91           surfer\n",
      "28  Gregory Stevens      30       858           surfer\n",
      "29  Jennifer Zavala     591       202           talker\n",
      "30     Ryan Aguirre     520       372           talker\n",
      "31        John Dean     435       817           surfer\n",
      "32   Evelyn Elliott     369       705           surfer\n",
      "33     Alison Moore     105       579           surfer\n",
      "34  Jessica Pittman     170       899           surfer\n"
     ]
    }
   ],
   "source": [
    "df[\"Type Of Customer\"] = df.apply(lambda row: 'talker' if row['Talked'] > row['Internet'] else 'surfer', axis=1)\n",
    "print(df[[\"Customer Name\", \"Talked\", \"Internet\", \"Type Of Customer\"]])"
   ]
  },
  {
   "cell_type": "code",
   "execution_count": 36,
   "id": "bba91e59-abef-4007-9a9b-2b8f725bab53",
   "metadata": {},
   "outputs": [
    {
     "name": "stdout",
     "output_type": "stream",
     "text": [
      "A\n",
      "       Customer Name Phone Number  Talked  Internet Start Subscription  \\\n",
      "27     Sarah Martin  051-6973566      24        91         12/04/2023   \n",
      "16      Chad Carter  053-9294578      25       350         06/10/2020   \n",
      "28  Gregory Stevens  052-7378700      30       858         09/08/2022   \n",
      "7       Jesus Burke  052-8352627      48       467         19/10/2020   \n",
      "21      Lacey Henry  051-7222641      58       104         20/06/2023   \n",
      "26     Alison Moore  050-6467180     105       579         29/11/2020   \n",
      "33     Alison Moore  050-6467180     105       579         29/11/2020   \n",
      "20      Diana Scott  051-8932363     134       519         26/04/2021   \n",
      "23    Lisa Alvarado  052-1692691     162       389         28/07/2021   \n",
      "1         Chad Reed  053-5250617     166       217         28/11/2022   \n",
      "34  Jessica Pittman  053-9160566     170       899         23/03/2023   \n",
      "24  Jessica Pittman  053-9160566     170       899         23/03/2023   \n",
      "4      Nancy Bright  052-8402824     208       770         10/10/2022   \n",
      "0   Cynthia Wong MD  050-5380527     231       944         14/09/2022   \n",
      "18    Jeffrey Hicks  050-8469039     250        99         07/05/2022   \n",
      "14        Keith Lee  052-7653726     256       795         28/10/2022   \n",
      "9   Christian Lewis  052-3069795     277       740         11/04/2023   \n",
      "13    Timothy Frost  050-5915117     324       429         28/02/2020   \n",
      "8   Joanna Buchanan  051-3167949     342       919         17/12/2023   \n",
      "10     Amanda Meyer  050-8200916     355       390         03/02/2023   \n",
      "15   Evelyn Elliott  051-6233404     369       705         17/10/2022   \n",
      "32   Evelyn Elliott  051-6233404     369       705         17/10/2022   \n",
      "5      Melinda Ruiz  051-3102790     434       903         23/02/2022   \n",
      "3         John Dean  054-2952436     435       817         06/01/2021   \n",
      "31        John Dean  054-2952436     435       817         06/01/2021   \n",
      "19    Janice Palmer  051-8678768     472       105         04/10/2021   \n",
      "2      James Murphy  051-7292166     483       437         06/04/2021   \n",
      "6     Kristin Huber  054-8068151     499       592         18/01/2023   \n",
      "30     Ryan Aguirre  050-4964995     520       372         07/11/2023   \n",
      "25     Ryan Aguirre  050-4964995     520       372         07/11/2023   \n",
      "22    Angela Waters  054-5779698     553       201         19/10/2020   \n",
      "11   Aaron Melendez  050-8270179     553       871         29/01/2023   \n",
      "12    Sierra Morgan  054-6460585     590       614         17/04/2023   \n",
      "29  Jennifer Zavala  053-8258482     591       202         29/06/2020   \n",
      "17    Matthew Mills  052-7974129     670       571         08/07/2022   \n",
      "\n",
      "   First_Name Phone Carrier  \n",
      "27      Sarah         Golan  \n",
      "16       Chad      Motorola  \n",
      "28    Gregory       Cellcom  \n",
      "7       Jesus       Cellcom  \n",
      "21      Lacey         Golan  \n",
      "26     Alison     Pelephone  \n",
      "33     Alison     Pelephone  \n",
      "20      Diana         Golan  \n",
      "23       Lisa       Cellcom  \n",
      "1        Chad      Motorola  \n",
      "34    Jessica      Motorola  \n",
      "24    Jessica      Motorola  \n",
      "4       Nancy       Cellcom  \n",
      "0     Cynthia     Pelephone  \n",
      "18    Jeffrey     Pelephone  \n",
      "14      Keith       Cellcom  \n",
      "9   Christian       Cellcom  \n",
      "13    Timothy     Pelephone  \n",
      "8      Joanna         Golan  \n",
      "10     Amanda     Pelephone  \n",
      "15     Evelyn         Golan  \n",
      "32     Evelyn         Golan  \n",
      "5     Melinda         Golan  \n",
      "3        John           054  \n",
      "31       John           054  \n",
      "19     Janice         Golan  \n",
      "2       James         Golan  \n",
      "6     Kristin           054  \n",
      "30       Ryan     Pelephone  \n",
      "25       Ryan     Pelephone  \n",
      "22     Angela           054  \n",
      "11      Aaron     Pelephone  \n",
      "12     Sierra           054  \n",
      "29   Jennifer      Motorola  \n",
      "17    Matthew       Cellcom  \n",
      "B\n",
      "       Customer Name Phone Number  Talked  Internet Start Subscription  \\\n",
      "27     Sarah Martin  051-6973566      24        91         12/04/2023   \n",
      "16      Chad Carter  053-9294578      25       350         06/10/2020   \n",
      "28  Gregory Stevens  052-7378700      30       858         09/08/2022   \n",
      "7       Jesus Burke  052-8352627      48       467         19/10/2020   \n",
      "21      Lacey Henry  051-7222641      58       104         20/06/2023   \n",
      "26     Alison Moore  050-6467180     105       579         29/11/2020   \n",
      "33     Alison Moore  050-6467180     105       579         29/11/2020   \n",
      "20      Diana Scott  051-8932363     134       519         26/04/2021   \n",
      "23    Lisa Alvarado  052-1692691     162       389         28/07/2021   \n",
      "1         Chad Reed  053-5250617     166       217         28/11/2022   \n",
      "24  Jessica Pittman  053-9160566     170       899         23/03/2023   \n",
      "34  Jessica Pittman  053-9160566     170       899         23/03/2023   \n",
      "4      Nancy Bright  052-8402824     208       770         10/10/2022   \n",
      "0   Cynthia Wong MD  050-5380527     231       944         14/09/2022   \n",
      "18    Jeffrey Hicks  050-8469039     250        99         07/05/2022   \n",
      "14        Keith Lee  052-7653726     256       795         28/10/2022   \n",
      "9   Christian Lewis  052-3069795     277       740         11/04/2023   \n",
      "13    Timothy Frost  050-5915117     324       429         28/02/2020   \n",
      "8   Joanna Buchanan  051-3167949     342       919         17/12/2023   \n",
      "10     Amanda Meyer  050-8200916     355       390         03/02/2023   \n",
      "15   Evelyn Elliott  051-6233404     369       705         17/10/2022   \n",
      "32   Evelyn Elliott  051-6233404     369       705         17/10/2022   \n",
      "5      Melinda Ruiz  051-3102790     434       903         23/02/2022   \n",
      "3         John Dean  054-2952436     435       817         06/01/2021   \n",
      "31        John Dean  054-2952436     435       817         06/01/2021   \n",
      "19    Janice Palmer  051-8678768     472       105         04/10/2021   \n",
      "2      James Murphy  051-7292166     483       437         06/04/2021   \n",
      "6     Kristin Huber  054-8068151     499       592         18/01/2023   \n",
      "25     Ryan Aguirre  050-4964995     520       372         07/11/2023   \n",
      "30     Ryan Aguirre  050-4964995     520       372         07/11/2023   \n",
      "22    Angela Waters  054-5779698     553       201         19/10/2020   \n",
      "11   Aaron Melendez  050-8270179     553       871         29/01/2023   \n",
      "12    Sierra Morgan  054-6460585     590       614         17/04/2023   \n",
      "29  Jennifer Zavala  053-8258482     591       202         29/06/2020   \n",
      "17    Matthew Mills  052-7974129     670       571         08/07/2022   \n",
      "\n",
      "   First_Name Phone Carrier  \n",
      "27      Sarah         Golan  \n",
      "16       Chad      Motorola  \n",
      "28    Gregory       Cellcom  \n",
      "7       Jesus       Cellcom  \n",
      "21      Lacey         Golan  \n",
      "26     Alison     Pelephone  \n",
      "33     Alison     Pelephone  \n",
      "20      Diana         Golan  \n",
      "23       Lisa       Cellcom  \n",
      "1        Chad      Motorola  \n",
      "24    Jessica      Motorola  \n",
      "34    Jessica      Motorola  \n",
      "4       Nancy       Cellcom  \n",
      "0     Cynthia     Pelephone  \n",
      "18    Jeffrey     Pelephone  \n",
      "14      Keith       Cellcom  \n",
      "9   Christian       Cellcom  \n",
      "13    Timothy     Pelephone  \n",
      "8      Joanna         Golan  \n",
      "10     Amanda     Pelephone  \n",
      "15     Evelyn         Golan  \n",
      "32     Evelyn         Golan  \n",
      "5     Melinda         Golan  \n",
      "3        John           054  \n",
      "31       John           054  \n",
      "19     Janice         Golan  \n",
      "2       James         Golan  \n",
      "6     Kristin           054  \n",
      "25       Ryan     Pelephone  \n",
      "30       Ryan     Pelephone  \n",
      "22     Angela           054  \n",
      "11      Aaron     Pelephone  \n",
      "12     Sierra           054  \n",
      "29   Jennifer      Motorola  \n",
      "17    Matthew       Cellcom  \n"
     ]
    }
   ],
   "source": [
    "# 5\n",
    "\n",
    "print(\"A\\n\", df.sort_values(\"Talked\"))"
   ]
  },
  {
   "cell_type": "code",
   "execution_count": 38,
   "id": "704ba8db-4a41-49e3-9ee4-7c0a7d88f32a",
   "metadata": {},
   "outputs": [
    {
     "name": "stdout",
     "output_type": "stream",
     "text": [
      "B\n",
      "       Customer Name Phone Number  Talked  Internet Start Subscription  \\\n",
      "27     Sarah Martin  051-6973566      24        91         12/04/2023   \n",
      "16      Chad Carter  053-9294578      25       350         06/10/2020   \n",
      "28  Gregory Stevens  052-7378700      30       858         09/08/2022   \n",
      "7       Jesus Burke  052-8352627      48       467         19/10/2020   \n",
      "21      Lacey Henry  051-7222641      58       104         20/06/2023   \n",
      "26     Alison Moore  050-6467180     105       579         29/11/2020   \n",
      "33     Alison Moore  050-6467180     105       579         29/11/2020   \n",
      "20      Diana Scott  051-8932363     134       519         26/04/2021   \n",
      "23    Lisa Alvarado  052-1692691     162       389         28/07/2021   \n",
      "1         Chad Reed  053-5250617     166       217         28/11/2022   \n",
      "24  Jessica Pittman  053-9160566     170       899         23/03/2023   \n",
      "34  Jessica Pittman  053-9160566     170       899         23/03/2023   \n",
      "4      Nancy Bright  052-8402824     208       770         10/10/2022   \n",
      "0   Cynthia Wong MD  050-5380527     231       944         14/09/2022   \n",
      "18    Jeffrey Hicks  050-8469039     250        99         07/05/2022   \n",
      "14        Keith Lee  052-7653726     256       795         28/10/2022   \n",
      "9   Christian Lewis  052-3069795     277       740         11/04/2023   \n",
      "13    Timothy Frost  050-5915117     324       429         28/02/2020   \n",
      "8   Joanna Buchanan  051-3167949     342       919         17/12/2023   \n",
      "10     Amanda Meyer  050-8200916     355       390         03/02/2023   \n",
      "15   Evelyn Elliott  051-6233404     369       705         17/10/2022   \n",
      "32   Evelyn Elliott  051-6233404     369       705         17/10/2022   \n",
      "5      Melinda Ruiz  051-3102790     434       903         23/02/2022   \n",
      "3         John Dean  054-2952436     435       817         06/01/2021   \n",
      "31        John Dean  054-2952436     435       817         06/01/2021   \n",
      "19    Janice Palmer  051-8678768     472       105         04/10/2021   \n",
      "2      James Murphy  051-7292166     483       437         06/04/2021   \n",
      "6     Kristin Huber  054-8068151     499       592         18/01/2023   \n",
      "25     Ryan Aguirre  050-4964995     520       372         07/11/2023   \n",
      "30     Ryan Aguirre  050-4964995     520       372         07/11/2023   \n",
      "22    Angela Waters  054-5779698     553       201         19/10/2020   \n",
      "11   Aaron Melendez  050-8270179     553       871         29/01/2023   \n",
      "12    Sierra Morgan  054-6460585     590       614         17/04/2023   \n",
      "29  Jennifer Zavala  053-8258482     591       202         29/06/2020   \n",
      "17    Matthew Mills  052-7974129     670       571         08/07/2022   \n",
      "\n",
      "   First_Name Phone Carrier  \n",
      "27      Sarah         Golan  \n",
      "16       Chad      Motorola  \n",
      "28    Gregory       Cellcom  \n",
      "7       Jesus       Cellcom  \n",
      "21      Lacey         Golan  \n",
      "26     Alison     Pelephone  \n",
      "33     Alison     Pelephone  \n",
      "20      Diana         Golan  \n",
      "23       Lisa       Cellcom  \n",
      "1        Chad      Motorola  \n",
      "24    Jessica      Motorola  \n",
      "34    Jessica      Motorola  \n",
      "4       Nancy       Cellcom  \n",
      "0     Cynthia     Pelephone  \n",
      "18    Jeffrey     Pelephone  \n",
      "14      Keith       Cellcom  \n",
      "9   Christian       Cellcom  \n",
      "13    Timothy     Pelephone  \n",
      "8      Joanna         Golan  \n",
      "10     Amanda     Pelephone  \n",
      "15     Evelyn         Golan  \n",
      "32     Evelyn         Golan  \n",
      "5     Melinda         Golan  \n",
      "3        John           054  \n",
      "31       John           054  \n",
      "19     Janice         Golan  \n",
      "2       James         Golan  \n",
      "6     Kristin           054  \n",
      "25       Ryan     Pelephone  \n",
      "30       Ryan     Pelephone  \n",
      "22     Angela           054  \n",
      "11      Aaron     Pelephone  \n",
      "12     Sierra           054  \n",
      "29   Jennifer      Motorola  \n",
      "17    Matthew       Cellcom  \n"
     ]
    }
   ],
   "source": [
    "print(\"B\\n\", df.sort_values(by = [\"Talked\", \"Internet\"]))"
   ]
  },
  {
   "cell_type": "code",
   "execution_count": 46,
   "id": "2a2fc9e4-879b-4a3b-85a5-401f616e18bf",
   "metadata": {},
   "outputs": [
    {
     "name": "stdout",
     "output_type": "stream",
     "text": [
      "      Customer Name Phone Number  Talked  Internet Start Subscription  \\\n",
      "17    Matthew Mills  052-7974129     670       571         08/07/2022   \n",
      "29  Jennifer Zavala  053-8258482     591       202         29/06/2020   \n",
      "12    Sierra Morgan  054-6460585     590       614         17/04/2023   \n",
      "11   Aaron Melendez  050-8270179     553       871         29/01/2023   \n",
      "22    Angela Waters  054-5779698     553       201         19/10/2020   \n",
      "\n",
      "   First_Name Phone Carrier  \n",
      "17    Matthew       Cellcom  \n",
      "29   Jennifer      Motorola  \n",
      "12     Sierra           054  \n",
      "11      Aaron     Pelephone  \n",
      "22     Angela           054  \n",
      "    Customer Name Phone Number  Talked  Internet Start Subscription  \\\n",
      "27   Sarah Martin  051-6973566      24        91         12/04/2023   \n",
      "18  Jeffrey Hicks  050-8469039     250        99         07/05/2022   \n",
      "21    Lacey Henry  051-7222641      58       104         20/06/2023   \n",
      "\n",
      "   First_Name Phone Carrier  \n",
      "27      Sarah         Golan  \n",
      "18    Jeffrey     Pelephone  \n",
      "21      Lacey         Golan  \n"
     ]
    }
   ],
   "source": [
    "# 6\n",
    "print(df.nlargest(5, \"Talked\"))\n",
    "\n",
    "print(df.nsmallest(3, \"Internet\"))"
   ]
  },
  {
   "cell_type": "code",
   "execution_count": 64,
   "id": "9a70fe71-eb51-4c52-aa6f-160408315d10",
   "metadata": {},
   "outputs": [
    {
     "name": "stdout",
     "output_type": "stream",
     "text": [
      "   Phone Number    Customer Name\n",
      "30  050-4964995     Ryan Aguirre\n",
      "31  054-2952436        John Dean\n",
      "32  051-6233404   Evelyn Elliott\n",
      "33  050-6467180     Alison Moore\n",
      "34  053-9160566  Jessica Pittman\n",
      "<bound method Series.drop_duplicates of 0     Cynthia Wong MD\n",
      "1           Chad Reed\n",
      "2        James Murphy\n",
      "3           John Dean\n",
      "4        Nancy Bright\n",
      "5        Melinda Ruiz\n",
      "6       Kristin Huber\n",
      "7         Jesus Burke\n",
      "8     Joanna Buchanan\n",
      "9     Christian Lewis\n",
      "10       Amanda Meyer\n",
      "11     Aaron Melendez\n",
      "12      Sierra Morgan\n",
      "13      Timothy Frost\n",
      "14          Keith Lee\n",
      "15     Evelyn Elliott\n",
      "16        Chad Carter\n",
      "17      Matthew Mills\n",
      "18      Jeffrey Hicks\n",
      "19      Janice Palmer\n",
      "20        Diana Scott\n",
      "21        Lacey Henry\n",
      "22      Angela Waters\n",
      "23      Lisa Alvarado\n",
      "24    Jessica Pittman\n",
      "25       Ryan Aguirre\n",
      "26       Alison Moore\n",
      "27       Sarah Martin\n",
      "28    Gregory Stevens\n",
      "29    Jennifer Zavala\n",
      "30       Ryan Aguirre\n",
      "31          John Dean\n",
      "32     Evelyn Elliott\n",
      "33       Alison Moore\n",
      "34    Jessica Pittman\n",
      "Name: Customer Name, dtype: object>\n"
     ]
    }
   ],
   "source": [
    "# 7\n",
    "duplicates = df[df.duplicated()]\n",
    "print(duplicates[[\"Phone Number\", \"Customer Name\"]])\n",
    "\n",
    "print(df[\"Customer Name\"].drop_duplicates)"
   ]
  },
  {
   "cell_type": "code",
   "execution_count": 72,
   "id": "4b8779e1-4790-4f17-820c-148ad0e445c5",
   "metadata": {},
   "outputs": [
    {
     "name": "stdout",
     "output_type": "stream",
     "text": [
      "    Customer Name Phone Number\n",
      "1       Chad Reed  053-5250617\n",
      "30   Ryan Aguirre  050-4964995\n",
      "19  Janice Palmer  051-8678768\n"
     ]
    }
   ],
   "source": [
    "winners = df.sample(n=3)\n",
    "\n",
    "print(winners[[\"Customer Name\", \"Phone Number\"]])"
   ]
  }
 ],
 "metadata": {
  "kernelspec": {
   "display_name": "Python 3 (ipykernel)",
   "language": "python",
   "name": "python3"
  },
